2.0191424724005415248096060225702991649345328572535818653887367e1
1.0672310775010855234815569369418377139944751231350053593212624e2
3.0924262259225166723773587078957557928692426323599812369263889e2
6.5462750330416203756902301649868529072480714106045214324443039e1
8.8922535396466727987627326812034675053005937884988654632302996e2
5.1418661000842657002136698244428248193889145402982068029160081e3
4.5065433639916134602668836800916191931287946807483652355231316e4
1.5623866330835198469389597201825435523600821227401580583490295e6
3.1504735639396200056527839444944089906736058019988213773380731e5
1.4460358748771714724933965520044626205286398450057260577553728e7
