1 9.007200
2 9.007200
3 9.007200
4 90.071993
5 9.007200
6 9.007200
7 9.007200
8 9.007200
9 9.007200
10 9.007200
11 9.007200
12 9.007200
13 9.007200
14 9.007200
15 90.071993
16 9.007200
17 9.007200
18 9.007200
19 9.007200
20 9.007200
21 9.007200
22 9.007200
23 9.007200
24 9.007200
25 9007.199255
26 9.007200
27 9.007200
28 9.007200
29 9.007200
30 9.007200
31 9.007200
32 9.007200
33 9.007200
34 9.007200
35 9.007200
36 9.007200
37 9.007200
38 9.007200
39 90071.992548
40 9.007200
41 9.007200
42 9.007200
43 9.007200
44 9.007200
45 9.007200
46 9.007200
47 9.007200
48 9007.199255
49 9.007200
50 9.007200
51 9.007200
52 9007.199255
53 9.007200
54 9.007200
55 9.007200
56 9.007200
57 9.007200
58 9.007200
59 9.007200
60 9.007200
61 9.007200
62 9.007200
63 9.007200
64 9.007200
65 9.007200
66 9.007200
67 9.007200
68 9.007200
69 9.007200
70 9.007200
71 9.007200
72 9.007200
73 9.007200
74 9.007200
75 9.007200
76 9.007200
77 9.007200
78 9.007200
79 9.007200
80 9.007200
81 9.007200
82 90071992.547410
83 9.007200
84 9.007200
85 9.007200
86 9.007200
87 9.007200
88 9007.199255
89 9.007200
90 9.007200
91 9.007200
92 9.007200
93 9.007200
94 9.007200
95 9.007200
96 9.007200
97 9.007200
98 9.007200
99 90.071993
100 9.007200
101 9.007200
102 9.007200
103 9007199.254741
104 9.007200
105 9.007200
106 9.007200
107 9.007200
108 9.007200
109 90071992.547410
110 9.007200
111 9.007200
112 9.007200
113 9.007200
114 9.007200
115 9.007200
116 9.007200
117 9.007200
118 9.007200
119 9.007200
120 9.007200
121 9.007200
122 9.007200
123 9.007200
124 9.007200
125 90071992.547410
126 9.007200
127 9.007200
128 9.007200
129 9.007200
130 9.007200
131 9.007200
132 9.007200
133 9.007200
134 9.007200
135 9.007200
136 9.007200
137 9.007200
138 900719925474.099244
139 9.007200
140 9.007200
141 9.007200
142 9.007200
143 9.007200
144 9.007200
145 9007.199255
146 9.007200
147 9.007200
148 9.007200
149 9.007200
150 9.007200
151 9.007200
152 9.007200
153 9.007200
154 9.007200
155 9.007200
156 9.007200
157 9.007200
158 9.007200
159 9.007200
160 9.007200
161 9.007200
162 9.007200
163 9.007200
164 90071.992548
165 9.007200
166 9.007200
167 9.007200
168 9.007200
169 9.007200
170 9.007200
171 9.007200
172 9.007200
173 9.007200
174 9.007200
175 9.007200
176 9.007200
177 9.007200
178 9.007200
179 90.071993
180 9.007200
181 9.007200
182 9.007200
183 9.007200
184 9.007200
185 9.007200
186 9.007200
187 9.007200
188 9.007200
189 9.007200
190 9.007200
191 9.007200
192 9.007200
193 9.007200
194 9.007200
195 9.007200
196 9.007200
197 9.007200
198 9.007200
199 900719925474.099244
200 9.007200
201 9.007200
202 9.007200
203 9.007200
204 9.007200
205 9.007200
206 9.007200
207 9.007200
208 9.007200
209 9.007200
210 9.007200
211 9.007200
212 9.007200
213 9.007200
214 9.007200
215 9.007200
216 9.007200
217 9.007200
218 9.007200
219 9.007200
220 9.007200
221 9.007200
222 9.007200
223 9.007200
224 9.007200
225 9.007200
226 9.007200
227 9.007200
228 9.007200
229 9.007200
230 9.007200
231 9.007200
232 9.007200
233 9.007200
234 9.007200
235 9.007200
236 9.007200
237 9.007200
238 9.007200
239 9.007200
240 9.007200
241 9.007200
242 9.007200
243 9.007200
244 9.007200
245 9.007200
246 9.007200
247 9.007200
248 9.007200
249 9007199254740992.000000
250 9.007200
251 9.007200
252 9.007200
253 9.007200
254 9.007200
255 9.007200
256 900719.925475
257 9.007200
258 9.007200
259 9.007200
260 9.007200
261 9.007200
262 9.007200
263 9.007200
264 9.007200
265 9.007200
266 9.007200
267 9.007200
268 9.007200
269 9.007200
270 9.007200
271 9.007200
272 9.007200
273 9.007200
274 9.007200
275 9.007200
276 9.007200
277 9.007200
278 9.007200
279 9.007200
280 9007.199255
281 9.007200
282 9.007200
283 9.007200
284 9.007200
285 9.007200
286 9.007200
287 9.007200
288 9.007200
289 9.007200
290 9.007200
291 9007199.254741
292 9.007200
293 9.007200
294 9.007200
295 9.007200
296 9.007200
297 9.007200
298 9.007200
299 9.007200
300 9.007200
301 9.007200
302 9.007200
303 9.007200
304 9.007200
305 9.007200
306 9.007200
307 9.007200
308 9.007200
309 9.007200
310 9.007200
311 9007199254740992.000000
312 9.007200
313 9.007200
314 9.007200
315 9.007200
316 9.007200
317 9.007200
318 9.007200
319 9.007200
320 9.007200
321 9.007200
322 9.007200
323 9.007200
324 9.007200
325 9.007200
326 9.007200
327 9.007200
328 90.071993
329 9.007200
330 9.007200
331 9.007200
332 9.007200
333 9.007200
