1 3019.380424
2 7590.706145
3 200886.556829
4 8358146.206435
5 178478926.282975
6 1051254932.107800
7 24717000786.197617
8 152939229019.655670
9 175730910198.423950
10 8304386352221.660156
11 5950510151883.995117
12 55130503134208.984375
13 174806996953960.406250
14 384281664758035.125000
15 2927739687567967.000000
16 1441742183167312.500000
17 13580608139542072.000000
18 2427809955673707.000000
19 5039251443654867.000000
20 19504400016450832.000000
21 12026247984375496.000000
22 40914676694764492947456.000000
23 30137400731887492.000000
24 24952775371216040.000000
25 80419151014292832.000000
26 23805981178451656.000000
27 143537807180730672.000000
28 46473276906942432.000000
29 94545504649541520.000000
30 34899319293706080.000000
31 142603659412409488.000000
32 76670897583362848.000000
33 46241550270471728.000000
34 inf
35 50677725453249200.000000
36 324111940649133504.000000
37 23106030946875832.000000
38 54684175851218344.000000
39 18697393970180516.000000
40 19419702550194832.000000
41 214011014572481344.000000
42 49071333736791888.000000
43 65487975702348152.000000
44 214699293108156544.000000
45 35842764066592272.000000
46 21749071606719472.000000
47 232495077025029536.000000
48 37349207511417368.000000
49 35541012974262036.000000
50 81543360825429648.000000
51 304252842563875194148843678841461729092043800576.000000
52 147492335231206390199484416.000000
53 inf
54 39505177461055704.000000
55 inf
56 44872477408588864.000000
57 171944873428618208.000000
58 67123851607482736768497124003903700992.000000
59 28712542517312760.000000
60 6369056292778053846452666368.000000
61 973513468967052416.000000
62 1250530267370405390836002410542183699447808.000000
63 42771344574574464.000000
64 236939359273177664.000000
65 inf
66 43373911167967217143203196043264.000000
67 23503143712194268.000000
68 145150093357070272.000000
69 157131366224799647436235317276995996213458478127120384.000000
70 48508364994009648.000000
71 51620474987589369856.000000
72 296895633188058612166981790466048.000000
73 44975735268328848.000000
74 inf
75 110531623739969648.000000
76 64464636422013288.000000
77 93132851826349392.000000
78 31683109494117156.000000
79 752603784314023424.000000
80 85923832053050096.000000
81 11755601453194227482624.000000
82 68430017748538536.000000
83 184962541540954208.000000
84 22103825243670616.000000
85 840632939484365205798912.000000
86 20427367716278464.000000
87 inf
88 51265775246920488.000000
89 7850358050986138259726605282777413674136791678976.000000
90 95069775786678804929314816.000000
91 30956487994051384.000000
92 325776362253413120.000000
93 23450460117357394943696830829834229182041593741312.000000
94 985837486466289920.000000
95 743156054003914496.000000
96 244471354176935552.000000
97 23108630435320480.000000
98 77070931827747184.000000
99 99499717020012560.000000
100 21870043998203464.000000
