596.745329 -0.354020 -8.455092 -24.472874 2.977933 -574.329739 0.077824 2.738912 -0.062795 4.596289 
-9063.825557 -0.531421 0.073531 -71.658080 4.310765 22.333486 9067.280310 -0.038512 37.683280 3.434059 
-120474.674655 -0.107447 112.391330 -137.781503 3.896100 120358.537750 1.940320 19.196716 -28.939094 146.150049 
-2214768.506574 552.939860 -33180.966225 11.808332 2247780.605022 -31.334187 -277.858969 1.627979 -89.249444 0.050621 
-0.107309 3.657345 828.586465 -1231.728464 22.224398 15465516.739251 132.877948 -12504.960582 0.448952 -15452768.470072 
-519.347429 698.573647 0.791635 -115353628.988310 -1632.657790 3195.717717 0.046311 4162.960553 115347783.195052 -60.008453 
-19549.989788 15.611140 171.581419 -170.323457 622463607.542148 -525.545188 -622443437.958179 -109.795513 -0.225220 -0.475532 
-607855268.385724 80102.050623 -3.185151 -122.446331 -63091.171517 0.015084 2207.966349 607836184.064077 -10.042923 1.410646 
1930.853359 -149.147911 16879296122.954433 -16879434382.663805 149399.242898 -12344.192348 0.046092 -3.233618 -219.269244 -354.844572 
-204.310710 -0.049465 58632974.171128 26.354847 -0.270649 414451.079360 -126717872112.615952 -13864.527358 303498.034272 126658535231.702896 
-37335422193.745193 656423.086094 -5.084163 -0.236999 -176647474264.565826 1358921.550312 213980885021.000458 -19.604407 628.225010 -4510.529785 
20.907275 39089.265083 -0.395948 4438940135715.618164 -4438941780372.440430 14.218350 -21240.520138 48506.370776 1580301.590981 -2034.792225 
53.957485 -5251888923283.215820 -76151.584403 62.739508 5248886984993.174805 3886.815561 80028682.076710 2928150714.564130 -0.210210 -6168957.561758 
-13.790692 2010.959668 -59525.858224 -2825825.146044 9227545003590.296875 0.690897 -9227536237609.630859 -5882626.592353 0.015813 -0.845553 
-21.424842 -5090113.021752 647611546220117.250000 0.041299 14372831.386324 -647611555540886.000000 -179247.233349 197262.835901 16516.298607 3539.010774 
-0.260446 2374847120631321.500000 23836859.082881 5574.752116 166625.896258 134508.744877 25.237855 -78140822867397.125000 -2296706321765362.000000 -142155.044743 
-111.521949 -12669.952105 -9032232440052722.000000 199.843098 9032232466612426.000000 -26775579.494089 0.392208 -0.660875 6153.716749 222303.804783 
-365578469249688.875000 1756891.282193 -74226486.569556 -1427.239012 84164924153.676315 365456702222436.687500 -0.489161 37674574246.174240 -37.315023 -88.103389 
-18413850.838095 874.385678 12897920111.417616 284849146375238.125000 -4743.247378 19878.274599 32.929350 -284862025897542.312500 0.220277 0.168519 
29.172905 256124.510041 -0.004501 -208749.330823 1440108541158081.000000 -1493947324993074.000000 -6766.911257 12440344.007075 -443576543025.022827 54282347897035.695312 
-0.479350 -6602.372615 843342.121035 -73.657908 11366435.923212 -56738900.950799 -1533685086652582.750000 27680419032410.464844 1506050569343747.500000 -45857187775.269470 
-12445.399724 0.004779 -1557791952559990.500000 487658.684046 80776180.785242 7957430825391183.000000 -902.200343 58.608648 -59388738.551495 -6399638894693005.000000 
-114593257.950067 -63977185931376.335938 20664281634129828.000000 118.683266 -153.435813 53.413975 1016396.454150 10306.061118 0.143206 -20600304334631912.000000 
327946.575297 -250479097.728589 118.059393 -10688213658515.042969 -41.560565 -1619.942150 4892.293445 -17095071164333214.000000 -0.190301 17105759628139530.000000 
52498370658.862007 32552558619398356.000000 10378662832.465744 -14586.489387 80807785496495.687500 100.078083 -32633429350737676.000000 2380985.774122 -0.099697 66442833.245782 
-3701498.262437 22473895.436425 -398556039952269824.000000 -9384.928110 398558795294890560.000000 -2755385149303.592773 0.094158 11.981370 23765408.937405 91.392755 
-5615370286678028288.000000 10462844.067546 -179465.674079 5615568237494368256.000000 -0.415081 71.592653 23423.015021 -1648205904.131503 -1541487.221794 -197949176899535.000000 
3329050252067771904.000000 -54336.109661 -218.517922 -3329050387616844800.000000 136452302447.147278 7.126161 0.104503 -889312267.182382 -5.644241 -13862824.621562 
3243462077.204555 15946448785318776832.000000 -0.289842 15775649.873498 -2.561017 64439.784423 -284984.826615 -204.162457 -15946448788577794048.000000 178.814672 
16197423789.763552 191384081066462543872.000000 0.297055 -53116105.721059 7804.999099 -57602.008774 -265.712726 -194136029814560882688.000000 2751948731954065408.000000 -7.930308 
3853565306.265197 0.310459 236.125707 2507382375990259875840.000000 -30699028392.722752 197900.885983 -2507990667211559665664.000000 604047881771367168.000000 4243366309571242.000000 64444692.216506 
38894.256363 2287065287199420841984.000000 -9542.357072 77.261317 -104228069222.903229 0.327577 -3457195343.623636 -2287065287091792117760.000000 898.563185 56648097.055564 
11704834091233973370880.000000 -11704834091214639726592.000000 -192797922.831411 -6504.825348 -19142307322.186054 -0.593627 1217014.291296 199.382946 128.110867 122083.997626 
-742.823706 -32989047.402391 0.455315 40592257745512269086720.000000 -132113558356096624.000000 299230.067066 -31.054480 -41802896076.321259 -1333809517074.902832 -40592125630578270666752.000000 
521866402777926.062500 -17959708460388085399552.000000 804167.495138 26347782813662807326720.000000 -23409223067.825802 -544.854890 -2185886969.014330 -0.000610 481627978.397892 -8388074875116013486080.000000 
123884524910.392105 893533339266295586095104.000000 -0.001523 -12364316.161354 367.715004 -7694975.105693 -403091.896765 -893533339266258407784448.000000 687.632524 -161066919856.312164 
-152.014895 -882939232649874405064704.000000 -19295.544717 1617470.022025 -428414958315511.125000 882939233079253828370432.000000 -0.047188 -1622237538.806828 910637137036.531738 -1873486748212.893066 
-64028229275095604509278208.000000 -832.405281 -1175755017.976562 -257252856140.967377 -1714945.319740 64028229275094693976211456.000000 287806691.583981 0.005227 997342783.602372 1167993205774.290283 
8058265318456098.000000 1479.765602 6520149.749286 949203937208646087968030720.000000 -4197941379247.934082 0.352991 -4473685311364.909180 54604.402367 -949203937216695750033932288.000000 13378406986.982248 
-0.008020 20816237764819155361321713664.000000 -17594187137113422762606592.000000 28062560244.154110 996766692110845607936.000000 81372579104750.140625 601.335607 -20798644574448813966262009856.000000 -2.106032 2043060.823125 
-13482915.566033 -74406541339327.421875 -16428678920016975614110072832.000000 486219035051567360.000000 0.451841 -204.845508 53615062197.042244 16428678919530830945935425536.000000 12.842992 -1889.256086 
-427615240160865519893607350272.000000 -1202.533173 -178089365.646924 -60083549120204.710938 20802842302.039562 82849052368.019562 462145543992005260756293517312.000000 -3910656.710046 0.075348 -34530303831139692484174544896.000000 
-1779706743540002.500000 235383165107803.250000 -11134478913.337311 -0.100372 195.078102 -9190049649404710827593809526784.000000 747269347511172478271488.000000 8049611878.042321 9190048902135364625636750524416.000000 21046349.082713 
2205.546599 -837546126.008985 732293394117.604370 85804918.850364 -111590847634842394296320.000000 161475808157054075299402214277120.000000 -161475810032960099409441819983872.000000 4550625997956996.000000 0.486572 1987496871989805731282944.000000 
-750920610693005570998272.000000 2548896426298045.500000 -537097291050106375434176827490304.000000 71810601315855.250000 0.389447 8688231580591439478784.000000 537097291792338793355991201087488.000000 1833989656145.364014 -99269549.244392 -5897.653615 
-73154852866099520.000000 0.899481 795128054153.316040 -6930.566313 -224997330.025353 35551778120045823968215226797522944.000000 -35551778120094915365881386341761024.000000 -708297010642439680.000000 85807737519119630598144.000000 -36717702679112110309376.000000 
1293451960489469428960644013574062080.000000 0.144578 -475994467.358190 -18640.328634 -8644369861977.647461 -89.794291 44342614867839729664.000000 154425811475719697071079424.000000 -1293451960643895240169059102354309120.000000 305937.733925 
-26796116.427778 -18510498045330073771252517961728.000000 -1160078282919451862015688549741887488.000000 1160096793417113079642644008614756352.000000 384162324520558550581248.000000 -105655312245269151744.000000 20086.007626 -64304540092767.125000 -1758881840.635442 0.047744 
0.081172 90134785726449025024.000000 9380334932676.644531 -18256820219604279959425504553136553984.000000 24598506260.092751 -541734970.423853 69249704217666783080949381665549975552.000000 -5470080909480845901824.000000 -50992883998062498399157394242768207872.000000 -953.179271 
0.227279 -19881534286215.882812 -1307637704.705044 -1231118607179041933726633068834324480.000000 1231118607413083892357178582389227520.000000 92703420357883805696.000000 13662.494418 -234042110635352941796524032.000000 -105790557012879.937500 115.340422 
-3276487919022368186618085376.000000 -0.039828 -0.386157 67943324041987976651373281280.000000 -36438771608795.171875 -830595454286199884201685023635537920.000000 -1306696341.812895 11469.605996 83504001088811745280.000000 830595389619363661885055795529252864.000000 
-14650385606226.873047 -7720952032747739676672.000000 112358541732328190936646856597047345152.000000 -112358541732328190936646856597047345152.000000 1860513294.967240 3164.950411 2417152.794188 -0.086858 -42.103626 262535105105198252032.000000 
-28098449556272075861230761775019851776.000000 -3415975253.281317 -75678151173116741227083159121103421440.000000 103776600729388826533046886635413700608.000000 -144.846362 0.045082 -10265106606256547692544.000000 177283883428069.843750 -45171.741120 -3050055484956914221056.000000 
34054327860923560136880150148022272.000000 28349.907841 -203816113326040.218750 7993898637.929377 -7014247319442187450539370250938452279296.000000 -0.153815 -827035.391143 284581968355789386022912.000000 7014213265114326624161292837108649558016.000000 1677508929707233771520.000000 
-9721865739511143532962960798140858368.000000 8653559511444.395508 -0.412504 23574643182605501988864.000000 6561296104870861831781469212875186765824.000000 12720655287.192608 -6551574239131350834641867221036047532032.000000 -337378390490049408.000000 2099279290227543.750000 -115382.568225 
-594845202606504.375000 -939941108187665992253440.000000 25705.421849 16253974596870525604310318296596480.000000 4153461430593574072075029577728.000000 0.302495 -3644346076.431879 -27787157091611897115329508484705509441536.000000 27787140833483841511428043192917936832512.000000 11772.921275 
-0.134402 9676892312569505369884899343559534051328.000000 -9596679538647219439732111566573104267264.000000 -320109304649646329561088.000000 -80212773922285599587133976111264825344.000000 92483.639715 2009344516408861.500000 -112086912163.433701 -11073569193.967363 -2946600687822.525391 
-118510.116828 611887841834715629248891219368107573248.000000 -9253941431087838754819964572354561966080.000000 1358618183366481.250000 -10042245471.153820 -3886040091753675535638810552644403200.000000 -171726033985456757014528.000000 2845382693028225536.000000 -0.658408 8645939629344877717836105650608975904768.000000 
-883.844568 47784319378739.242188 -28589404274748461135325964599776331694080.000000 -1505882511179527.250000 0.356401 -65327483675207129890816.000000 -2838960544153429140832256.000000 8364524523.601542 -41039.247762 28589404274748461135325964599776331694080.000000 
-166573274415545779601253490229248.000000 600445456070941959580145961605611221155840.000000 1574903308614309.750000 -0.458107 -49358.542389 -5964793670.440673 -600445455904368693827780413964811306532864.000000 -6091925169075605311848448.000000 -9053951952.094402 2257667.946596 
249314.741023 -6925757527690292.000000 -2804583118282061029632627325110171113357312.000000 29003097101696538126523535049524179369984.000000 -145011429083494479470258028544.000000 47281752459479245029113856.000000 20263503695.212292 -84935438764262881729970176.000000 0.161916 2775580021180509403026249356430560613892096.000000 
-220223440.959526 78438834683.206390 -768768403493472473706141428143514244249288704.000000 -65297154371341263626441850880.000000 -16883787766034765273104384.000000 -58554453152058132349686997158199296.000000 -0.464016 768768403552026997950258658014074023272513536.000000 58922.006919 35953475941489108.000000 
303760.612044 209568127695421517730452340736.000000 -0.054142 -40815286725653766979734077103583264768.000000 6650482612190754.000000 1955087301088798570704706012940579255145725952.000000 7700781758245449310244050042880.000000 265926174663.815308 8075995759867443.000000 -1955087260273519810022122113414511431377747968.000000 
3307748991965804.500000 5194484073834507.000000 -7592985259577889234244721805690393173099020288.000000 -6057297032649357001646507105371534917632.000000 0.055981 -16528905610.502695 -11993.508960 7592991316874922684350665035421737219715497984.000000 -366168590524590595218866176000.000000 -112945.643746 
28319205758629608.000000 -30829435476240597427553304576.000000 193234224713.274750 -215832688342462512935110428319434292626194432.000000 11272341.350720 308821214034384125952.000000 -346111.335427 -1087092515791325525804046659332238653001826304.000000 1302925204133788038739157087651672945628020736.000000 -0.453618 
220523095107.238251 0.065664 -174460217180495992403311658474143744.000000 769899336114638159683960963072.000000 -9748945601683613579140639677600062463553830912.000000 -6440150875322886160198247993825596209627136.000000 286144.542851 -5057439966097095260199297482752.000000 -189699468694901088.000000 9755385752733401818538004745642168685908983808.000000 
0.787125 -705713.752349 -3744034894181107883715065806848.000000 -440109682936.473328 -206284877739735.656250 2690756650770662189115558068224.000000 135268168309237220859915620711579950864249389056.000000 -135284681776102498368977244522023569092809588736.000000 -399594243602009600.000000 16513466865272953442279240244206599783055360.000000 
-1582814581545835330099159745192525824.000000 950917154596.209106 0.075503 966715344343190175494234535672009392207624667136.000000 -966698417257957755573092132672340906723755687936.000000 550479.110456 -12982.102892 5769665719539076582303095324672.000000 362227885558079424.000000 -16927083649637083649256717421248047002681344.000000 
-8919.505828 434263.960082 1343127762036.580078 91279871876963138072234191486976.000000 967577605513133696.000000 1220578472072339501018374250889933587925189001216.000000 57.887435 -0.485304 -1220578472072339663277651080103296979503199289344.000000 96881537428360820258365822205952.000000 
-680822898326.838501 -3210560558096243553445537215708414457741995671552.000000 -513917.387782 -821179386149835520.000000 10485083937.864779 12076044883663480832.000000 -508560945.506602 2100452032862897429255301365760.000000 -0.039152 3210560558096243553445537215708414457741995671552.000000 
4740293803807802368.000000 -28333126729.240009 -1204926283906796509407084740172003124380071893139456.000000 -28149042855133447270724433189273600.000000 -41195183719702967498231642243552929930733105971200.000000 -1832162.285403 1210376618050320306868999294304031012135847224934400.000000 0.007025 -3005812644733.542969 35744849576179201190098239320490813357935749496832.000000 
-2323151182607442896270207148509816397217398784.000000 -329820824647039368952341079989850936508124579758080.000000 31681858532989796352.000000 -12264823469588004864.000000 329823147798221975204279611282577923618369135706112.000000 0.017679 -1584417511408.783447 1669559.393594 829369879168776735637372928.000000 -14163367923601267764858023630077952.000000 
0.003232 5260289527235790818508800.000000 -12487902491179454464.000000 13473906231543968196070164702426910217469952.000000 -1300010.370336 -1870346276897.829346 -3437339968127586599899038680077765124093347555704832.000000 3437339954653680928705829046166118324573195512840192.000000 -1868332890585185682194432.000000 -276149681450199516115876676324294656.000000 
-31596909671881031062714744740703023353825468067348480.000000 -0.198940 -17781198223332824517350691776233472.000000 3013485762574929615812964360093547102208.000000 -3605697059429358909234330696035598336.000000 31596909671878016373620304551503277519412752245850112.000000 217392498851578413056.000000 -3359894.569208 2490570706502.964844 -90036886.748117 
-3439445244753863639323303683590979584.000000 52991081484800417792.000000 286834112187677397745664.000000 143644090541573154948923618131590827968430312397996032.000000 8766012217921.072266 -143644090541573154948923618131590827968430312397996032.000000 115738753428957528779128832.000000 -3341262.962192 -0.721310 6019788424265671680.000000 
156772437949042232309170965577728.000000 1831101723231686079279375292444074843500526966713352192.000000 -468560667377155244032.000000 -1830497304620229380975197694720775334984618760002863104.000000 -0.430282 -24958560098411.980469 -22813566746094161365733094570237886464.000000 -7280307.753450 -604418611456520603009911227358749688201835481923584.000000 1372362534525855334400.000000 
364372763611791488.000000 4642657.835732 -323237554424650247176508110675317358592.000000 -0.410569 190927556803886135077677623327266984427520.000000 67625513458230.109375 9006582379686534316032.000000 11036012712406711787941633453251732369046211191740825600.000000 -2462739.247201 -11036012712406902346067109178791271858826372981939240960.000000 
261434297546774447510279966508454092529830808765817946112.000000 818427802.547662 -261434297546774447510279966508454092529830808765817946112.000000 0.501833 330614697518414464.000000 9245236911856739851877166982312251883520.000000 39190987605714.273438 502815061476467156189184.000000 -75053.202626 2261685.854244 
-62929432410427514122011123889864896937984.000000 -526405957626603170762432126765312528849940348170089267200.000000 -16610206390075588692548178674902829629440.000000 0.305287 3036257970003879613431808.000000 -55963095069338.054688 526405957626603257874718058525559175473839850702751399936.000000 320537827455476349009920.000000 -0.335661 16546663.699374 
-2388619384701607159122371484604878630109909771514535739392.000000 364759.839506 10033068618303775181614595702784.000000 0.008988 72813349853444147989444308078080837952559132082417172480.000000 -98017342787158.140625 -275843629599828955969674619497518142062592.000000 14863252713909006338967263421344437596603819838465376256.000000 -3372240716742441260023808.000000 2300942782134254473022496796316779080164206645706712154112.000000 
1386337643512046526358976875986944.000000 1607932818665917956949819441048587946855768038186676125696.000000 -11529744.554101 -0.297235 -1607932818666180687604189629952474164536667676695668457472.000000 -810283094018301769557731761472321003471241216.000000 -23502891813230.128906 1073153549595874600376869687456263946610147328.000000 29130849788493778036520297765287776747520.000000 2223253738546923527208960.000000 
-3799877432408914291326976.000000 90257075633618187076344797956719408421716405984702205263872.000000 3439883155881836679790730347034490383106048.000000 809234335283020480643072.000000 -16133598930363507233935535323747459268608.000000 238561780090045.875000 -3649962.235380 -0.556689 66546596159.760956 -90257075633618198226717397222030979189575542308882958254080.000000 
-191434290915447019180121904219080446038585002616613039505408.000000 8452642.685208 -10618012433153652736.000000 0.369342 -634800197314282375419527168.000000 15439206257020530318981692255159420509487104.000000 -145472437333758.312500 -105008389474768044163072.000000 191434290915446996879376705688457304502866729968251533524992.000000 49030639769743448.000000 
726114719104274.500000 247165692432130464216292769858916679782760448.000000 5271400504585016971316848889133231375194657914880.000000 -2537397528135157127484032221529551498980186481179227943075840.000000 2537397528129885231319099582218892455180532408519214172733440.000000 -6744826204374850301419585536.000000 212260960587418382562825701460519914295001088.000000 -621738693302365218884550656.000000 -3439821.857867 0.513447 
13313417271136258.000000 731740487304032544283740816495607808.000000 13125852207400959761657590607658008237309952.000000 -60.704216 -20329188.888595 -169608499792154009414331690038768296654173744339914915315712.000000 79509458551924.875000 -0.138441 -1039403744752983992466145280.000000 169608499792153987113586491508145155118455471691553409335296.000000 
-27695654.831903 16310010288486494881864797080050218176773549801340928.000000 84624911924031814259271997107614035270959104.000000 -986202498231786.000000 1569084285325505707831929562925198021561752829420034678849536.000000 -12017544062771979628604030976.000000 -1569084301635516088819709052357312797470418014340748563972096.000000 6437255403065577095978549248.000000 -3256.338196 -0.059980 
-0.216044 1385059345323584170000528093146106605538832416693200460185600.000000 -1383765561220581501728670921939345318817242859773403263401984.000000 -1889116676614865637343232.000000 -1293784103002786570341466537176232836845081359152373039104.000000 -26546015.454649 60346596792542252749775460686461196960792576.000000 -320349407722542.687500 200158124002982731993732176134133438742528.000000 -834084734909727479076749312.000000 
-2613173110675624964057401885632274890419512073865276216573952.000000 -0.543914 31850767.338288 146056745365139815921400403264731828702937088.000000 -27229022506492953842847580160.000000 -413864469874418.125000 9029365480449486917577211904.000000 -29082291431109080.000000 2613173110675624607245478709142304625848019711491492120887296.000000 -1584565423755542187766448128.000000 
-1545496294414376922018137236203045518076542976.000000 26653170459464409461113842131268161756624670769054485653225472.000000 23162797.735661 -131813627123857654337031476634629937820036235264.000000 124460228654148758905698594726533621522769176403421394108416.000000 -0.320927 -130819246874536.843750 -26777630688118428162073542895400533941838473860213604169547776.000000 802270502900534.250000 185000241275599288507557740544.000000 
22573302289114083966080422107549405273915392.000000 2052340320497812.000000 4821098223244424031399392309967784611579691008.000000 304492820643648916381903219258953108796999707337084779687313408.000000 -0.181014 -304492820643648916381903219258953108796999707337084779687313408.000000 -14155553.404640 151821276993989693688553428408598528.000000 540293572573131699856080896.000000 2.837894 
-172835030527035328.000000 -2965029777109491730707593790683611136.000000 8639087272239916.000000 66800622776218783154934076856521686860366348288.000000 4059458558091303.500000 -9400325891602272370772984987648.000000 2435079843556809414836027036534410589614845150102475324033859584.000000 0.485392 -28226806.782776 -2435079843556809414836027036534410589614845150102475324033859584.000000 
-100692992656809.609375 -72665044414237183403760812032.000000 -14711592460152159227992810183114913686233702058802800598710222848.000000 -813255849671051260077277184.000000 3957766037070309.500000 63254051.555959 -1426537044625902530029064732746061053813151760384.000000 14711592460152159227992810183114913686233702058802800598710222848.000000 -45831488969301752576054917070848.000000 0.090898 
708768579055976974826872920106838703993046273864980624820165148672.000000 -4849599495918840786615851563352064.000000 -708768579055980996879378854751669600533705909075850717946523418624.000000 75346068656885196042850860250189511188486496976896.000000 47268575.056607 -1134823764816.255127 0.334149 -975434470714385641427878019072.000000 3884505748644004603899023569106945814527922506039296.000000 -37474125224240896.000000 
12378425230899345739706413258637312.000000 -499988833651479199875072.000000 -488506691312766111293613539328.000000 4888212171006490174895351001148448493653970660150558327043442868224.000000 -192977708813500383232.000000 -206843680411548256693285016032016226682473096937472.000000 -0.180026 264503834.361875 -45659747768929632.000000 -4888212171006490174895351001148448493653970660150558327043442868224.000000 
-332052447458149921909620987834400768.000000 -0.100213 -55956658200826813423958154230908529744753125966401990642997405941760.000000 514315024391372406784.000000 -1752497474673842176.000000 -211661963.379665 -7670035009456362785615399056826250829389296125870080.000000 -8273900463306403840.000000 57126426.736813 55956658200826813423958154230908529744753125966401990642997405941760.000000 
91486.685402 -40240248868023947574287206729211216612987526566641664.000000 -40873075228458124050432.000000 59680563714636505088.000000 -95730999.987341 -0.113242 1742704979055839281152.000000 485718645512750814355987869565764600542938583976538461181468901113856.000000 -485718645512750814355987869565764600542938583976538461181468901113856.000000 -1070679625131546014461587902687084544.000000 
-942648380521862912.000000 -511644967455536704.000000 -2346272887429591157360576891618189870829932156310712055750543278080.000000 328970874.930046 1890744561095474769545722473742336.000000 137664517124276792113597976730052183383902590599168.000000 91007216274029542353278074880.000000 -0.061542 2346272887429591157360576891618189870829932156310712055750543278080.000000 501314.718514 
2149749852418859779911763812679680.000000 -40359258190620792846880628448392416238379676520003994877465813057536.000000 -2892047243036856310530957600412851395662708736.000000 195501999926811577362894952887186824413775618634189025914466074624.000000 -0.000513 -195071475.179727 6680562039165692974251302379935491442229573535840444086222848.000000 40163749510131940182077131198716342470043091101165104230694031196160.000000 60886345784490593054864273224775984616864279953408.000000 -186671717970846208.000000 
46164034807172.335938 -4620564225455254871897878789726666752.000000 84318467253153524071299809280.000000 -79533757337925431014795676476987684764985209420513280.000000 -4018442861958166961828428290161268984792707479642355549882719905251328.000000 -3244081266066567154630656.000000 0.012244 4018442861958166961828428290161268984792707479642355549882719905251328.000000 225966572392986378240.000000 -433406673.121978 
-0.059149 -35896139936717606610640711597795901155384163618815345265902899691520.000000 40865794889660387934073376542253712448567664822007876288392578434334720.000000 50082491.708985 -521982842.474391 734421840836084891648.000000 -40829898749723664760193778778794048292479721088906479828175958227025920.000000 16140033384730997999407055346862129152.000000 -281778669356975247434265929722101760.000000 182689071074115612732074877668342008158641136689217536.000000 
