1 9007.199255
2 9007.199255
3 90071.992548
4 9007199.254741
5 900719925.474100
6 900719925.474100
7 90071992547.409928
8 90071992547.409928
9 90071992547.409928
10 9007199254740.992188
11 9007199254740.992188
12 90071992547409.921875
13 900719925474099.250000
14 900719925474099.250000
15 9007199254740992.000000
16 9007199254740992.000000
17 9007199254740992.000000
18 9007199254740992.000000
19 9007199254740992.000000
20 9007199254740992.000000
21 9007199254740992.000000
22 9007199254740992.000000
23 9007199254740992.000000
24 9007199254740992.000000
25 9007199254740992.000000
26 9007199254740992.000000
27 9007199254740992.000000
28 9007199254740992.000000
29 9007199254740992.000000
30 9007199254740992.000000
31 9007199254740992.000000
32 900719925474099.250000
33 9007199254740992.000000
34 9007199254740992.000000
35 9007199254740992.000000
36 9007199254740992.000000
37 9007199254740992.000000
38 9007199254740992.000000
39 9007199254740992.000000
40 9007199254740992.000000
41 9007199254740992.000000
42 9007199254740992.000000
43 9007199254740992.000000
44 9007199254740992.000000
45 9007199254740992.000000
46 9007199254740992.000000
47 9007199254740992.000000
48 9007199254740992.000000
49 9007199254740992.000000
50 9007199254740992.000000
51 9007199254740992.000000
52 9007199254740992.000000
53 9.007200
54 9007199254740992.000000
55 9007199254740992.000000
56 9007199254740992.000000
57 9007199254740992.000000
58 9007199254740992.000000
59 9007199254740992.000000
60 9007199254740992.000000
61 9007199254740992.000000
62 9007199254740992.000000
63 9007199254740992.000000
64 9007199254740992.000000
65 9007199254740992.000000
66 9007199254740992.000000
67 9007199254740992.000000
68 9007199254740992.000000
69 9007199254740992.000000
70 9007199254740992.000000
71 9007199254740992.000000
72 9007199254740992.000000
73 9007199254740992.000000
74 9007199254740992.000000
75 9.007200
76 9007199254740992.000000
77 9007199254740992.000000
78 9007199254740992.000000
79 90071992.547410
80 9007199254740992.000000
81 9007199254740992.000000
82 9007199254740992.000000
83 9007199254740992.000000
84 9007199254740992.000000
85 9007199254740992.000000
86 9007199254740992.000000
87 9007199254740992.000000
88 9007199254740992.000000
89 9007199254740992.000000
90 9007199254740992.000000
91 9007199254740992.000000
92 9007199254740992.000000
93 9007199254740992.000000
94 9007199254740992.000000
95 9007199254740992.000000
96 9007199254740992.000000
97 9007199254740992.000000
98 9007199254740992.000000
99 9007199254740992.000000
100 9007199254740992.000000
